One moment, this will take some time...
Cost: 78454322480.0
Iteration  1 :  [[226.2480550950134, 208.85269736003062, 194.33031501084045], [203.59562025631453, 135.4883663058355, 77.50304840114471], [127.34619477719868, 64.41179359838459, 21.98618349842188], [0, 255, 0], [92.93181818181819, 94.45454545454545, 89.30113636363636], [0, 0, 255], [56.16536312849162, 56.91284916201117, 79.27039106145251], [29.208861673203245, 23.74936839825798, 22.21048579196843]]
Cost: 58013717562.26551
Iteration  2 :  [[235.9036605354216, 231.99927153523947, 226.0398834456383], [189.7422732724421, 125.89648491558262, 74.82272349847771], [129.93751219512194, 61.30825609756098, 14.906865853658537], [0, 255, 0], [114.8917939425317, 102.59228578824748, 93.03986538959359], [0, 0, 255], [55.73290026748185, 50.30683989300726, 57.78945357279328], [34.465457859542404, 24.282303445206278, 20.139885336413638]]
Cost: 61531539136.33046
Iteration  3 :  [[239.33307423241354, 236.2160901671201, 230.9232413525068], [186.9121559172192, 122.41490857946555, 71.43122362869198], [130.2852191532473, 60.18096139490242, 12.752399488109203], [0, 255, 0], [122.11700534759358, 104.77133689839572, 92.20577540106952], [0, 0, 255], [63.41741741741742, 46.81812247029638, 44.466248857553204], [34.463581306474076, 24.018989323228723, 19.4589608230506]]
Cost: 62090744704.428764
Iteration  4 :  [[239.49015786396413, 236.3954394854804, 231.1235626583512], [186.0309374273087, 120.9222299759634, 69.67139644878654], [131.9435230197312, 60.44450957963969, 11.98229911352588], [0, 255, 0], [124.77309782608695, 105.74378881987577, 92.1218944099379], [0, 0, 255], [73.7182353648275, 42.865188123572544, 26.62615699002284], [31.83040855340728, 23.263184404226337, 20.124363245074807]]
Cost: 62054772787.41117
Iteration  5 :  [[239.42089900758901, 236.30433936563534, 231.00934033858726], [185.85515406270488, 120.50094481508619, 69.1134163742239], [136.03831928989516, 62.433588473660514, 12.245803048819708], [0, 255, 0], [124.43281105990783, 105.71981566820277, 92.30082949308756], [0, 0, 255], [78.37889225682007, 38.01083861486176, 14.849453476623497], [27.465729394417043, 23.046054304164336, 22.50030507957492]]
Cost: 62235547973.97446
Iteration  6 :  [[239.33702408702408, 236.19794094794094, 230.88422688422688], [186.17517819378085, 120.87397195895669, 69.53450301558706], [138.16676272163272, 63.81264196358952, 12.873139641319456], [0, 255, 0], [122.56818597840015, 105.28226249313563, 92.84697052901336], [0, 0, 255], [79.44224776500639, 37.022911877394634, 12.600178799489145], [26.263248946819328, 23.218533338615746, 23.409254783883366]]
Cost: 62306390309.68703
Iteration  7 :  [[239.36916796267496, 236.24591757387248, 230.94109642301711], [186.48269703944757, 121.35903643146281, 70.13870148424478], [138.8394468754273, 64.3351223847942, 13.205729522767674], [0, 255, 0], [121.20294721134117, 104.89852639432942, 93.10856183547845], [0, 0, 255], [79.9134472878174, 37.0121776504298, 12.23722952277443], [26.120816239826873, 23.2579094807557, 23.555077601200196]]
Cost: 62349601568.17094
Iteration  8 :  [[239.42604126119113, 236.31432463993772, 231.0258855585831], [186.66118578972635, 121.70419267082734, 70.58961433829413], [139.20419781878044, 64.62780369023939, 13.401364977021744], [0, 255, 0], [120.36515151515151, 104.55984848484849, 93.09242424242424], [0, 0, 255], [80.369918699187, 37.13338720736605, 12.11847389558233], [26.165734432574293, 23.27619754526416, 23.557007661108607]]
Cost: 62374600758.09823
Iteration  9 :  [[239.42604126119113, 236.31432463993772, 231.0258855585831], [186.87839147286823, 122.04784399224806, 71.02079295865633], [139.4008352874724, 64.8126593978399, 13.535662324769355], [0, 255, 0], [119.80125642490006, 104.07919284218542, 92.71578145821435], [0, 0, 255], [80.70474270400511, 37.25365721731861, 12.09033019447791], [26.2759876975065, 23.286653378565678, 23.509761474187204]]
Cost: 62371605761.46809
Iteration  10 :  [[239.46396571873782, 236.3613167121153, 231.0808336579665], [186.9711066985452, 122.2317137415407, 71.26940065648175], [139.60359725825015, 64.9463331672708, 13.591297177509405], [0, 255, 0], [119.54640349212374, 103.60030366293414, 92.1400645283735], [0, 0, 255], [81.06496087137846, 37.38647793342001, 12.054681941957167], [26.34745517259538, 23.295110455778193, 23.480673530108746]]
Cost: 62366779467.44895
Iteration  11 :  [[239.49015786396413, 236.3954394854804, 231.1235626583512], [187.05426072808623, 122.38092332723205, 71.47911328045556], [139.72271711092003, 65.02369733447979, 13.619742046431643], [0, 255, 0], [119.44368986983588, 103.2491982644784, 91.63912469345406], [0, 0, 255], [81.26056009621284, 37.45519475738163, 12.026409444567165], [26.39879372421224, 23.304486084465587, 23.46449501984179]]
Cost: 62363951240.15221
Iteration  12 :  [[239.50350877192983, 236.40818713450292, 231.13528265107212], [187.13879366634018, 122.51922135161607, 71.65609696376102], [139.85828549757804, 65.10561790005343, 13.64423988553895], [0, 255, 0], [119.40869076606106, 102.8778797527627, 91.05450458887432], [0, 0, 255], [81.57583357922691, 37.58751352414675, 12.03715451952395], [26.48939235201676, 23.310450497642744, 23.414025667888946]]
Cost: 62351626732.75597
Iteration  13 :  [[239.5241809672387, 236.43116224648986, 231.1624414976599], [187.15987422410976, 122.60486769029728, 71.77331754328651], [139.9032358270774, 65.11586849598757, 13.626041936318924], [0, 255, 0], [119.26034514752273, 102.35980701428836, 90.35089998144367], [0, 0, 255], [81.74416193532461, 37.64078005430758, 12.007701802024192], [26.55849618559933, 23.3218727139722, 23.393026962065]]
Cost: 62330696766.31977
Iteration  14 :  [[239.55698672911788, 236.47599531615924, 231.22033567525372], [187.18255006129954, 122.71536575398447, 71.93955864323662], [139.98135109419601, 65.15614566213995, 13.623129487068592], [0, 255, 0], [119.1698217239478, 101.78919316302151, 89.4940268333027], [0, 0, 255], [81.91669340705452, 37.67904129538667, 11.968158368918619], [26.596185705527073, 23.330098227214027, 23.37939446118525]]
Cost: 62314236381.27358
Iteration  15 :  [[239.563732188171, 236.4856529377318, 231.23638493070467], [187.26653824083942, 122.87212066562833, 72.1225100418067], [140.04723496321938, 65.19060147122458, 13.629736045002163], [0, 255, 0], [119.1268860207235, 101.25268133066716, 88.66187965824396], [0, 0, 255], [81.96384175217048, 37.68826460142068, 11.951978097868983], [26.600644311408484, 23.332498597905335, 23.380756739836443]]
Cost: 62297558785.890335
Iteration  16 :  [[239.563732188171, 236.4856529377318, 231.23638493070467], [187.3459512837393, 123.03949967083608, 72.34508722843977], [140.10103649357166, 65.21612361786437, 13.621567372082158], [0, 255, 0], [119.26899641577062, 100.7415770609319, 87.75681003584229], [0, 0, 255], [81.97707870713052, 37.68936590180113, 11.942363681223785], [26.60565437379375, 23.332455270982212, 23.379753273173023]]
Cost: 62280332982.09503
Iteration  17 :  [[239.57126122608355, 236.4957048028114, 231.25185474424052], [187.415931028793, 123.17853312432968, 72.51695404669582], [140.13999342184985, 65.2279848356328, 13.607665276022642], [0, 255, 0], [119.41485411140583, 100.24226348364279, 86.87763041556146], [0, 0, 255], [81.98956611825066, 37.692558151007624, 11.937988702794701], [26.606011605920322, 23.33276390428376, 23.379930886092456]]
Cost: 62264720371.29413
Iteration  18 :  [[239.57126122608355, 236.4957048028114, 231.25185474424052], [187.4783741316573, 123.31082533906715, 72.67908534568309], [140.1684367366032, 65.22224917271609, 13.575702974757013], [0, 255, 0], [119.62714508580343, 99.65903969492113, 85.79701854740857], [0, 0, 255], [81.9967186420606, 37.68375604460673, 11.917941379650646], [26.60638186892001, 23.332981248206973, 23.380056333620217]]
Cost: 62241028414.52996
Iteration  19 :  [[239.57126122608355, 236.4957048028114, 231.25185474424052], [187.53466782709603, 123.44253802478346, 72.84756931493224], [140.19184876864378, 65.21044051335414, 13.532049947970863], [0, 255, 0], [119.92666779833644, 99.07027669326091, 84.67883211678833], [0, 0, 255], [82.00091303918666, 37.6774503997631, 11.904747803770604], [26.60638186892001, 23.332981248206973, 23.380056333620217]]
Cost: 62217760141.441666
Iteration  20 :  [[239.57126122608355, 236.4957048028114, 231.25185474424052], [187.56953147694733, 123.55782877536623, 73.00273893015728], [140.2051763397125, 65.17063843840712, 13.44749787071318], [0, 255, 0], [120.33783561192554, 98.30209191237029, 83.20490858178225], [0, 0, 255], [81.99861752289728, 37.664156812402794, 11.886760313032315], [26.605550049554015, 23.332077095613165, 23.37856658494601]]
Cost: 62184058646.93467
Iteration  21 :  [[239.60902696365767, 236.54298554122704, 231.30578350918327], [187.65358361774744, 123.76000998917839, 73.24860567718305], [140.21116246620738, 65.1068980552891, 13.31983953954827], [0, 255, 0], [121.3349078885215, 97.37694851204535, 81.16863486065186], [0, 0, 255], [81.99703681754204, 37.65755488060844, 11.876608143813122], [26.605946404120754, 23.332320532046683, 23.3788485362196]]
Cost: 62159745219.71813
Iteration  22 :  [[239.6618423626051, 236.6012125953452, 231.37199295912382], [187.84559932942162, 124.07640402347025, 73.58704945515507], [140.1853744184005, 64.95902027916776, 13.065788780616275], [0, 255, 0], [123.52246785146654, 96.31166016471609, 78.05765062852188], [0, 0, 255], [81.98307848126281, 37.64304241496011, 11.870605963291421], [26.604666023317076, 23.334550481208105, 23.3814715317806]]
Cost: 62140254451.28566
Iteration  23 :  [[239.7232125367287, 236.692458374143, 231.4869735553379], [188.40138467455876, 124.76003248002051, 74.17274242488995], [140.11888087027623, 64.69334139144655, 12.633918731558179], [0, 255, 0], [127.50598543749228, 95.07922991484635, 73.52388004442798], [0, 0, 255], [81.97432412395591, 37.63290169525033, 11.859190431473335], [26.60433484174698, 23.334515720973904, 23.381763409449537]]
Cost: 62159433629.519684
Iteration  24 :  [[239.80549558390578, 236.8025515210991, 231.63120706575074], [189.65637499438228, 126.44456428924542, 75.71965304930116], [139.838941122775, 64.07560018256504, 11.713591967138292], [0, 255, 0], [134.74786324786325, 93.65932738758826, 66.48355629877369], [0, 0, 255], [81.9220917295092, 37.641092842131286, 11.902707380393126], [26.60473122766751, 23.335019952531233, 23.382514801387547]]
Cost: 62284270448.66015
Iteration  25 :  [[239.92107852784883, 236.96063766975004, 231.82798661680772], [191.49176066699363, 129.2583619421285, 78.55703776360961], [139.4780515434721, 63.321778532993484, 10.582101387708864], [0, 255, 0], [141.38138220905395, 92.71384276166197, 60.4141114862537], [0, 0, 255], [81.77674061602457, 37.67403684262652, 12.054100227790434], [26.602178024127813, 23.334059341375937, 23.38252363873492]]
Cost: 62556036392.9884
Iteration  26 :  [[240.22396039603962, 237.3130693069307, 232.2429702970297], [192.77718170712274, 131.6099219206459, 81.56790779200085], [139.1004743341079, 62.7628329460565, 10.069114512319244], [0, 255, 0], [145.8373155305692, 93.37614195361911, 57.12614195361911], [0, 0, 255], [81.59157863413182, 37.7466646828349, 12.30025293855081], [26.596582311505347, 23.330602661100965, 23.38014609966084]]
Cost: 62881797494.07235
Iteration  27 :  [[240.46593625498008, 237.64900398406374, 232.65617529880478], [193.4751182166179, 133.1285183517226, 84.00185768970952], [138.4286378428638, 62.20484658298466, 9.882244692391136], [0, 255, 0], [149.32938740842977, 94.39085890221892, 54.90566939165517], [0, 0, 255], [81.33227903269993, 37.74681841954524, 12.47988942295719], [26.579392531293646, 23.321733909388747, 23.376463524467127]]
Cost: 63145902620.00673
Iteration  28 :  [[240.66333066453163, 237.9097277822258, 232.98518815052043], [193.81395485194957, 134.08478452066842, 85.83482849604222], [137.70632303880447, 61.71354156505453, 9.827633298866497], [0, 255, 0], [152.0593700317965, 95.16732909379968, 53.10403418124007], [0, 0, 255], [81.088651241817, 37.7445405027235, 12.64971765528959], [26.55844240666719, 23.315346030253156, 23.38056796509653]]
Cost: 63338526113.75781
Iteration  29 :  [[240.86725663716814, 238.16874497184233, 233.31074014481095], [194.0120218579235, 134.85798421372192, 87.44875531268974], [137.15430631332814, 61.38955572876072, 9.836204208885425], [0, 255, 0], [153.97280693399372, 95.79693304124203, 52.06110105724355], [0, 0, 255], [80.64368017634386, 37.66577325785281, 12.8170432343069], [26.47835713349928, 23.302135464430762, 23.407650989126164]]
Cost: 63511117192.05362
Iteration  30 :  [[240.98245967741934, 238.30100806451614, 233.46572580645162], [194.07943518288133, 135.33901468026872, 88.5680517541677], [136.86991000796905, 61.25020894478027, 9.869462963322903], [0, 255, 0], [155.1280104346206, 96.25383146224438, 51.56314342944985], [0, 0, 255], [80.29498849654897, 37.58842652795839, 12.928653596078824], [26.3870675149858, 23.285505836575876, 23.440714060363867]]
Cost: 63618222935.35331
Iteration  31 :  [[241.1053376465831, 238.45693489688637, 233.6467852810352], [194.10966437014096, 135.6399721888629, 89.37405979394475], [136.678307757721, 61.18215376290055, 9.924896602373314], [0, 255, 0], [155.869270184185, 96.64543230392836, 51.39246641739371], [0, 0, 255], [80.00676200255454, 37.516466728442985, 13.005584913220968], [26.329372554702218, 23.277351108534994, 23.46049979581352]]
Cost: 63707480169.48157
Iteration  32 :  [[241.15121457489877, 238.5176113360324, 233.73036437246964], [194.16711383671904, 135.84240449725309, 89.8158937012904], [136.54311788829204, 61.139221009260865, 9.97187084849535], [0, 255, 0], [156.33168089598826, 96.89406040576517, 51.32663178187827], [0, 0, 255], [79.73050301106974, 37.429296084359926, 13.041155451160698], [26.245883658852446, 23.265665882601684, 23.4959431244549]]
Cost: 63759379389.254524
Iteration  33 :  [[241.16828675577156, 238.53665451599838, 233.75840421223168], [194.24898354307842, 135.9865763149403, 90.21000322684738], [136.42367941712203, 61.105704151088105, 10.00822548173713], [0, 255, 0], [156.64884973525653, 97.12616395837136, 51.32207412817236], [0, 0, 255], [79.54071922267855, 37.35870980667134, 13.060878493438846], [26.214053238780693, 23.259750740897545, 23.505900719729045]]
Cost: 63794537884.22282
Iteration  34 :  [[241.16828675577156, 238.53665451599838, 233.75840421223168], [194.2767712189103, 136.07695304889927, 90.44989934411325], [136.33539078922223, 61.07638066118861, 10.024460156697879], [0, 255, 0], [156.85108997405908, 97.26300459655032, 51.32685568652437], [0, 0, 255], [79.251840758767, 37.244003494321724, 13.076675402470984], [26.115739572682486, 23.249843972007913, 23.546602573465947]]
Cost: 63816125706.45073
Iteration  35 :  [[241.176220376747, 238.54810613733036, 233.77111606238606], [194.30728079331942, 136.1554018789144, 90.61932411273486], [136.29508165445665, 61.07102793040293, 10.049698565323565], [0, 255, 0], [157.0130377504202, 97.36932721573615, 51.339344932539866], [0, 0, 255], [79.09910896510529, 37.18166658370252, 13.068395639404649], [26.057439446366782, 23.24474314612723, 23.57681660899654]]
Cost: 63835166394.98914
Iteration  36 :  [[241.18929874341305, 238.58046209971624, 233.81414673692746], [194.3249983678266, 136.18228112554678, 90.6561337076451], [136.2839873393586, 61.07607825191626, 10.066601838081073], [0, 255, 0], [157.0602535556868, 97.39982732766848, 51.35388739946381], [0, 0, 255], [79.00124051009776, 37.1340495211631, 13.056046246216445], [26.00859977067278, 23.242420202127942, 23.600823978027254]]
Cost: 63848722071.571754
Iteration  37 :  [[241.20028380295966, 238.5927427528887, 233.82525846340968], [194.32712661701294, 136.19482555860446, 90.69404155233242], [136.27470852701364, 61.08113617313114, 10.083517488379181], [0, 255, 0], [157.1029512073121, 97.44140784866536, 51.370151425583195], [0, 0, 255], [78.93806822404439, 37.110634924567094, 13.065226546436445], [25.98016630407218, 23.236669647504772, 23.606249082391255]]
Cost: 63855842818.24443
Iteration  38 :  [[241.20028380295966, 238.5927427528887, 233.82525846340968], [194.33326789687214, 136.21489333856826, 90.75709985603979], [136.2666247714808, 61.08295246800731, 10.09136959171237], [0, 255, 0], [157.15806217051446, 97.47982185057262, 51.369978185784404], [0, 0, 255], [78.92867053168823, 37.10683315990288, 13.067538774094444], [25.97872368824998, 23.236201764572407, 23.60626810288445]]
Cost: 63860377689.68863
Iteration  39 :  [[241.20028380295966, 238.5927427528887, 233.82525846340968], [194.35066212141078, 136.24754162842532, 90.81198374196931], [136.2666146170545, 61.08352058498686, 10.092470579274098], [0, 255, 0], [157.20115307790084, 97.51016887597603, 51.38151443617215], [0, 0, 255], [78.92800872021007, 37.10900262597235, 13.071371946687806], [25.978002322570312, 23.235754234686386, 23.605990629630124]]
Cost: 63865308348.52538
Iteration  40 :  [[241.20028380295966, 238.5927427528887, 233.82525846340968], [194.3655462184874, 136.26621586134453, 90.8609506302521], [136.2670322556076, 61.085037510948624, 10.09412011119997], [0, 255, 0], [157.23074480631408, 97.53891862469382, 51.390592397713874], [0, 0, 255], [78.92800872021007, 37.10900262597235, 13.071371946687806], [25.978002322570312, 23.235754234686386, 23.605990629630124]]
Cost: 63869135166.12901
Iteration  41 :  [[241.20924574209246, 238.60279805352798, 233.83860502838604], [194.38632928031546, 136.2943805455143, 90.88892540256326], [136.26744717304396, 61.08867313915857, 10.10030458785456], [0, 255, 0], [157.25725557772537, 97.56466533647742, 51.41474696172683], [0, 0, 255], [78.92800872021007, 37.10900262597235, 13.071371946687806], [25.978002322570312, 23.235754234686386, 23.605990629630124]]
Cost: 63875419709.16857
Iteration  42 :  [[241.20924574209246, 238.60279805352798, 233.83860502838604], [194.3913072067333, 136.30069700157813, 90.90393214097843], [136.26620855065292, 61.08963718734534, 10.103285491300872], [0, 255, 0], [157.27236454318748, 97.57692133303105, 51.41732033552483], [0, 0, 255], [78.92800872021007, 37.10900262597235, 13.071371946687806], [25.978002322570312, 23.235754234686386, 23.605990629630124]]
Cost: 63876802531.39314
Iteration  43 :  [[241.20924574209246, 238.60279805352798, 233.83860502838604], [194.39878955331886, 136.3107690283534, 90.91290046707454], [136.2655562958028, 61.08973065575331, 10.103854573141716], [0, 255, 0], [157.27898649261172, 97.58226815338591, 51.42366965823588], [0, 0, 255], [78.9274371361328, 37.10828688219993, 13.070704818530906], [25.978002322570312, 23.235754234686386, 23.605990629630124]]
Cost: 63877998782.232254
Iteration  44 :  [[241.20924574209246, 238.60279805352798, 233.83860502838604], [194.40896524486573, 136.32319641916797, 90.92443391258557], [136.2655562958028, 61.08973065575331, 10.103854573141716], [0, 255, 0], [157.2871188437316, 97.58950659236102, 51.431833627837435], [0, 0, 255], [78.9274371361328, 37.10828688219993, 13.070704818530906], [25.978002322570312, 23.235754234686386, 23.605990629630124]]
Cost: 63879541083.57612
Iteration  45 :  [[241.21841411478403, 238.61387142567432, 233.85114581220847], [194.41149364755447, 136.3287472845764, 90.93252583766704], [136.2655562958028, 61.08973065575331, 10.103854573141716], [0, 255, 0], [157.28881438861958, 97.59135595523944, 51.43351606034522], [0, 0, 255], [78.9274371361328, 37.10828688219993, 13.070704818530906], [25.978002322570312, 23.235754234686386, 23.605990629630124]]
Cost: 63882608131.93129
Iteration  46 :  [[241.22961460446248, 238.62515212981745, 233.86288032454362], [194.41208610361397, 136.3332894476993, 90.93930616812587], [136.2655562958028, 61.08973065575331, 10.103854573141716], [0, 255, 0], [157.28970734801123, 97.59209930234665, 51.43449306876869], [0, 0, 255], [78.9274371361328, 37.10828688219993, 13.070704818530906], [25.978002322570312, 23.235754234686386, 23.605990629630124]]
Cost: 63885553323.9349
Iteration  47 :  [[241.22961460446248, 238.62515212981745, 233.86288032454362], [194.41158657011192, 136.33311389071758, 90.94364713627387], [136.2655562958028, 61.08973065575331, 10.103854573141716], [0, 255, 0], [157.2917327293318, 97.59397508493771, 51.43329558323896], [0, 0, 255], [78.9274371361328, 37.10828688219993, 13.070704818530906], [25.978002322570312, 23.235754234686386, 23.605990629630124]]
Cost: 63885711240.75195
Iteration  48 :  [[241.22961460446248, 238.62515212981745, 233.86288032454362], [194.41158657011192, 136.33311389071758, 90.94364713627387], [136.2655562958028, 61.08973065575331, 10.103854573141716], [0, 255, 0], [157.2917327293318, 97.59397508493771, 51.43329558323896], [0, 0, 255], [78.9274371361328, 37.10828688219993, 13.070704818530906], [25.978002322570312, 23.235754234686386, 23.605990629630124]]
Cost: 63885711240.75195
Iteration  49 :  [[241.22961460446248, 238.62515212981745, 233.86288032454362], [194.41158657011192, 136.33311389071758, 90.94364713627387], [136.2655562958028, 61.08973065575331, 10.103854573141716], [0, 255, 0], [157.2917327293318, 97.59397508493771, 51.43329558323896], [0, 0, 255], [78.9274371361328, 37.10828688219993, 13.070704818530906], [25.978002322570312, 23.235754234686386, 23.605990629630124]]
Cost: 63885711240.75195
Iteration  50 :  [[241.22961460446248, 238.62515212981745, 233.86288032454362], [194.41158657011192, 136.33311389071758, 90.94364713627387], [136.2655562958028, 61.08973065575331, 10.103854573141716], [0, 255, 0], [157.2917327293318, 97.59397508493771, 51.43329558323896], [0, 0, 255], [78.9274371361328, 37.10828688219993, 13.070704818530906], [25.978002322570312, 23.235754234686386, 23.605990629630124]]
Cost: 63885711240.75195
Iteration  51 :  [[241.22961460446248, 238.62515212981745, 233.86288032454362], [194.41158657011192, 136.33311389071758, 90.94364713627387], [136.2655562958028, 61.08973065575331, 10.103854573141716], [0, 255, 0], [157.2917327293318, 97.59397508493771, 51.43329558323896], [0, 0, 255], [78.9274371361328, 37.10828688219993, 13.070704818530906], [25.978002322570312, 23.235754234686386, 23.605990629630124]]
(516, 407, 3)
